2887
4269
4036
1551
550
2486
1850
4964
3348
2879
2786
4865
2027
553
3666
1938
1483
4836
4907
4322
1599
704
3088
3343
4753
3627
743
3204
1072
827
1064
2554
1218
3689
3181
1805
2542
717
3373
346
2198
4475
1945
1839
2086
3334
3265
219
1596
2891
1466
3960
2616
2900
3571
4311
1714
1716
3810
2007
2364
1389
476
1617
1129
977
129
1819
3191
4276
4725
1176
2035
2001
3908
4696
650
414
4481
142
975
339
2679
2349
411
438
1136
484
241
331
1492
2167
1931
3472
4985
4221
1994
4727
4555
4527
3064
4470
2609
3557
2376
4230
225
2567
1735
870
3789
928
972
707
3340
4504
3270
1813
3082
3408
775
430
1200
3818
2508
1285
436
2347
1008
2104
421
663
490
4574
3838
2280
907
2974
4524
1794
2040
620
1500
4373
485
323
4443
2448
601
3947
2270
1251
3167
3719
2723
1361
1294
1755
3440
1412
110
2593
3506
2193
3421
325
4937
4391
4156
1245
3271
382
469
4485
1282
2343
1789
2551
3076
2435
17
3742
3562
3369
2917
4788
1824
4139
162
2168
1133
1088
712
1476
4773
3918
3128
4939
978
280
4723
3970
2131
367
3268
631
3025
2476
763
413
1985
1793
1153
4267
591
2400
4442
3073
2816
4689
1404
2082
804
2728
3359
3156
2219
1843
1822
2615
2107
4661
2255
1186
980
3124
314
579
2869
4958
5
568
612
109
1125
3007
1523
1100
3109
2220
2787
52
3184
1616
3328
492
168
2829
4003
3556
4588
862
4091
15
1036
4721
3446
2473
632
4448
3044
405
986
1577
3197
1602
4198
2449
4418
301
4370
3448
3483
840
3602
1885
679
2355
236
1686
3899
2190
3489
2048
1398
4655
106
4057
3716
2665
1324
215
1852
3208
4892
3601
1514
428
2730
891
2541
2744
2745
4095
4462
2661
1375
2070
3212
2099
2972
4952
4338
1967
511
4193
1250
1943
91
2
4538
4058
1894
1935
2243
2752
3470
387
4158
657
2904
2690
4575
3536
2100
4663
1365
2124
1338
361
1915
305
148
4122
3840
690
1564
4209
1484
298
271
2993
3150
4626
2178
1241
3068
4581
228
1417
3169
1414
670
4316
3812
3033
2543
2210
4551
4296
3475
2350
1169
4353
3560
3585
4848
2129
4088
2966
202
756
4918
875
3253
2437
4424
3723
1955
3629
722
2552
3939
1541
3187
212
3114
4404
4062
4272
4464
401
4532
2482
3444
1149
4628
2535
1615
888
1180
2158
3297
1274
4802
1424
2242
2614
3193
3490
1739
1501
3825
4000
649
18
1272
3385
1221
1729
3021
2316
2079
1757
3065
3553
1865
2074
1737
4817
4845
4561
4313
1416
3351
1966
4667
3610
4022
128
2640
3753
2597
4737
852
4893
102
3851
3402
3515
2260
1900
1276
1586
3802
4298
92
577
3563
629
776
1919
2997
2978
1960
2769
1583
2278
3166
2937
2113
2133
3808
3787
3848
1109
3774
4749
350
2375
3965
1951
954
3894
2804
3383
1038
425
3221
3310
3269
4837
2678
4289
971
1864
3179
3990
541
3778
2909
2173
1021
1061
2471
3333
171
2089
4431
90
765
3508
530
1067
1280
2423
216
4748
174
3224
4399
2778
648
2268
2060
838
2177
2344
4994
368
3796
2171
3898
4251
337
2714
2031
3593
1936
2684
1333
3955
2746
3040
4747
480
4119
2931
2047
4811
1780
3163
2456
3525
2181
1887
1450
3379
2766
4263
3123
4349
674
2293
1743
3842
4060
1231
2106
3535
1588
2311
3431
4107
4890
2004
1603
1163
1463
4064
751
4366
2763
4414
1408
4529
4160
3526
4878
2282
3151
3523
3636
773
2401
3043
3115
309
2494
935
3301
3957
479
347
2925
684
279
4768
4852
3992
2504
3154
1695
2566
2292
4430
880
513
2258
2527
1708
2298
3078
1014
3691
2251
2122
3273
1508
4921
10
1472
2995
1314
2631
3037
356
3029
4518
3820
1831
3014
340
184
1151
719
3460
1053
481
4037
2704
1907
1244
946
2066
3017
574
3799
834
4577
3452
1191
71
12
3728
2323
2949
4955
4815
4030
67
4051
3368
1227
2784
320
1374
116
1674
3107
3473
3308
1399
740
3567
3267
593
4562
1346
1184
3363
3038
4325
4944
781
4578
886
1799
4881
4358
2051
3750
2724
4851
4195
3634
79
878
2862
2505
1612
2953
4460
4553
2779
1423
4318
1441
3966
2743
2227
4188
2581
2913
1869
1073
3132
2832
919
2667
4974
2315
2805
2322
398
1042
2559
353
2748
383
1745
1592
3456
3437
2331
2557
1721
4396
362
2223
1768
2872
3391
1158
1738
4333
4898
3991
3092
2933
3079
4368
4603
885
4336
1481
1057
251
3698
1168
858
1499
3528
4228
3995
1076
1058
4645
266
3206
4488
1439
3223
2762
2295
1059
2877
4641
1775
2277
4803
53
3641
4465
4149
2916
917
4713
2660
4889
3997
654
565
1413
4829
4456
4306
1366
749
3250
2980
1730
4256
2576
156
459
517
1265
4009
2462
2068
4162
4486
1239
3218
2281
406
4530
4236
1293
2381
1020
4471
755
2126
3075
509
1785
3036
1381
2000
1376
4394
4724
4246
2253
456
4429
1123
4635
1904
96
2800
4109
4813
1609
1659
2739
4598
4108
4268
3378
4888
2924
4257
3323
2017
613
14
4405
2636
3477
2481
664
1888
2971
4506
4920
3294
3876
4760
2727
4477
3727
3415
4146
1436
1662
4435
1982
3561
559
2791
3492
4752
1868
190
3252
721
4
731
3342
4683
1804
4743
4068
3624
1013
329
312
615
3084
1238
60
4181
4961
1078
4135
948
1512
4455
795
3724
3062
905
1422
3697
3105
74
883
3000
3806
1699
588
104
1458
1115
1724
2216
278
3611
182
3512
3462
1298
4231
3985
3864
1347
3956
1706
3214
4457
2150
1000
897
4608
802
200
3210
1889
4048
911
1553
2209
208
4806
2958
1452
1070
4032
4223
2842
4466
3830
2669
1299
4194
3606
2115
4633
1418
4528
1649
3173
2279
2443
4621
3350
291
614
4014
3139
1930
3098
4706
4402
845
2197
850
1360
4928
899
3867
2596
86
2981
2037
1316
970
4013
8
2532
2498
4346
4177
3228
1502
255
1337
3256
2023
3336
865
101
3304
4166
292
2736
3677
25
3603
371
4536
4423
1195
725
2625
578
1278
3028
1267
3550
2179
3772
2592
176
1166
2368
2203
742
4248
4491
2235
42
2765
839
3455
584
1310
3777
2943
3917
1742
2374
4784
2463
288
4214
1849
718
2817
1701
2979
4790
3816
1432
2351
2824
1049
2825
2954
984
4750
2041
4512
2782
1189
1727
4923
1872
2222
95
787
3798
634
2822
2729
3321
4197
4319
4954
3587
464
3401
139
3019
4916
4439
386
1637
98
433
3890
2141
2880
4277
2218
968
805
3085
3680
4709
424
1590
3285
2646
2767
1691
2675
2970
3041
2976
2183
1197
761
3542
1249
1688
3807
4047
1288
380
2861
1392
1395
404
2632
135
3375
2759
1961
3099
3574
661
2868
3597
1846
542
869
3920
442
2544
4639
2415
2932
4469
1119
2726
3672
4150
2685
3909
3595
1266
2130
4324
4731
548
898
739
2756
4886
2352
4152
4252
57
4293
3053
4094
3589
50
1312
4327
3989
3662
475
3827
3766
4075
2893
3263
4573
4772
4437
3755
1473
715
3031
4778
1639
4027
3175
3433
2414
4541
3063
4900
4514
1056
4515
2610
997
2093
2638
1584
726
410
1681
4282
3707
376
2742
46
2855
4307
1438
4031
3377
1778
4763
393
1791
1281
4556
2957
3804
4126
1002
4085
4841
1196
4458
2333
2087
4315
4798
2589
1820
3411
2204
3341
85
4377
1060
4540
2290
1561
4910
4926
4796
293
4897
906
571
680
2776
2627
2015
540
3412
4357
211
281
4758
642
69
2083
1877
3880
1875
6
1570
3042
43
4362
150
4487
3264
2928
1601
4340
1004
1216
1306
3133
1963
27
4516
526
2288
1440
296
2134
2538
2927
2834
1942
1491
1668
4563
2116
1899
2523
1485
4587
1307
4846
4042
3318
1509
1006
688
836
4779
334
2018
1041
246
318
1027
4548
149
4808
3283
3370
3463
3930
2741
1367
3121
1494
4449
108
3626
2840
3543
3982
1368
3171
3744
1748
1407
4630
951
321
813
2271
524
619
1433
1740
4355
2517
170
3382
4063
636
1131
283
2336
2594
3568
1039
1598
4467
1809
2346
1886
3891
2833
4822
1248
4328
1445
1761
887
2163
4988
2968
3775
2799
3768
2934
274
4314
3895
611
2062
2503
818
2358
2500
3902
3720
4383
3217
224
2682
2572
2454
3608
496
2025
655
4874
659
4479
3439
3961
3262
2754
2088
924
1019
3516
974
1814
656
569
3901
724
1030
1431
750
1353
3797
1350
3461
3705
1118
2864
2072
2386
1045
1871
699
1103
4055
4742
4101
3366
1511
1992
455
1752
365
2959
1419
520
2436
2291
3592
758
3922
3376
1003
2095
426
4607
4591
4483
3699
912
2496
4740
2774
2719
209
3157
1162
4235
107
2487
881
4176
3424
4454
562
1173
4657
1313
1990
3734
3862
585
3242
4833
4669
4445
4275
1113
3306
2340
1496
1174
2042
94
3915
876
3618
4795
3620
4444
3643
3823
1507
1594
1587
1558
1217
4334
229
2580
4810
3764
2118
4040
1107
3464
2651
3591
3010
2036
3654
2241
4384
3209
1949
1694
4552
63
2921
61
2605
3540
54
1364
4024
4662
2568
2428
1771
3207
4199
3469
605
983
563
4871
3785
1114
1546
3258
2451
2301
1145
944
4814
2252
894
3100
4682
35
1532
3141
4390
2648
9
1720
2297
638
3813
173
2052
4369
48
2672
665
2689
4913
2860
4844
4511
1510
3856
1548
3665
2680
3338
2391
3551
2815
4017
4895
689
3740
567
4903
586
1680
2987
1940
1760
1529
3959
3147
3201
1879
3761
2655
2785
2579
55
4092
1853
4694
4884
3024
495
647
1305
714
2199
2256
1469
1137
736
4950
3663
4028
285
2663
1977
403
2564
3658
801
487
2002
3752
3754
2622
3944
1536
2285
4523
2125
2120
3458
2857
11
4290
3058
2630
1719
1870
3913
3244
1722
2215
4233
3896
4579
396
3140
746
3769
4406
1356
3631
1962
1455
4902
1779
1165
1540
123
2236
3834
2806
1700
4755
2531
2777
4570
3465
3416
4765
1428
1792
1120
4643
4767
3788
2387
3539
1580
3381
1271
3183
2009
4043
3811
4279
3266
4499
3706
4792
64
40
3615
2011
313
1941
4931
519
1854
2814
4039
2273
4596
4660
3576
454
988
3946
352
4482
4507
4440
3537
4729
1712
3771
2206
1838
2283
2238
1403
3534
932
474
4350
3356
820
3289
1415
759
1035
304
1908
3142
338
4948
1410
2716
1825
3647
4237
3220
205
2267
2147
1018
1800
351
833
3020
2841
4732
1421
2577
3938
3096
1332
3738
2389
1958
3704
1948
3622
1094
2398
4593
3130
3897
4472
2045
1715
3113
4291
2702
3235
1031
260
702
3103
4650
2188
1652
478
2499
3605
2098
4452
3533
3451
3110
764
2308
4701
3681
4497
1704
4342
3447
2634
2121
4830
3303
798
2334
3657
2234
2985
1873
3928
621
587
1233
1926
672
3900
1984
2419
4300
4606
1655
2464
1262
4295
2705
4204
789
1380
1062
3555
2664
2117
3407
38
1653
4354
3284
416
2794
1128
1993
4569
1896
598
1236
3760
4733
2511
452
1890
3199
4879
3619
1150
1782
1074
609
2396
3282
3860
3309
4977
4079
3322
1351
1192
1989
3278
4493
2899
2718
1543
3346
2413
2406
723
1964
3690
3779
399
1554
4714
1641
4164
78
3276
2881
4521
458
2890
861
1334
252
1331
1751
332
3202
4072
2105
172
4906
1116
2721
4473
2371
1489
3005
4255
4909
693
3251
3111
2808
1522
2838
2643
2534
4018
2303
3392
4823
4894
3403
4089
4303
4379
22
4686
4951
2715
1815
3059
904
4674
2588
4781
1001
3531
1747
3715
2760
828
3670
2693
4702
210
537
1
2790
3805
999
3384
2029
3569
3135
256
1618
4305
2403
4210
1632
2016
3648
2633
3646
1560
4010
4611
635
3780
4254
2457
651
3857
1482
4339
191
3846
1816
3162
4640
234
792
965
2920
1672
3015
4266
2404
4446
2207
1055
3161
1676
494
1242
364
1950
4124
713
2691
2003
3226
1970
4196
3471
1619
158
4688
2706
2114
3579
4242
2424
3783
2624
3006
812
1187
2240
4589
1671
2461
4915
3233
3751
4425
4033
2998
1108
4612
1685
1362
3845
1643
3545
2717
1260
4801
2373
335
1411
961
1929
1866
531
1535
4250
472
2960
2394
1284
124
4367
243
284
2507
910
2160
1702
2388
2837
2525
2772
4026
3943
3353
175
4584
4261
272
595
235
3676
2186
2941
846
1228
709
4271
900
1037
2361
1426
3215
958
1731
4692
76
3903
2858
1556
2882
4970
4993
3527
4745
4707
2654
2835
1286
2788
1486
2912
3275
2353
1024
462
630
2827
737
4995
1732
2467
3035
4297
2734
832
2686
1289
3874
2637
3355
3718
4797
916
4673
3869
3814
2969
2390
4678
640
290
1348
4855
1254
97
4677
1713
2460
1918
2810
3692
461
3008
1823
282
2753
3546
1124
482
4531
4240
2649
345
2628
3279
4751
1644
2653
2836
4403
3645
2738
1209
3307
3510
4400
552
4326
2237
2196
3164
3951
2440
3973
3686
4077
3954
2951
1082
3795
502
4880
1629
1256
2365
938
4976
3530
4073
2497
2459
1784
3746
2708
1388
1539
4144
4542
499
3329
4113
669
2732
3532
3983
893
2590
1406
1009
463
1947
4285
2422
366
3101
2668
2602
3598
3635
1604
1425
248
1911
4586
1673
1454
2965
753
189
799
1152
918
1430
4415
942
2189
3638
4323
1660
2875
902
708
2028
3548
4184
4757
3177
2516
3067
68
4172
4127
4461
3941
1829
333
3388
1132
4782
453
3888
1506
3478
493
1437
2545
1916
419
3952
4411
4856
952
2248
1848
363
1130
1906
1352
4927
1253
1448
794
3832
1687
1697
1261
4382
4408
2697
4398
3863
1648
2356
2797
4739
3225
2050
534
429
4114
47
4859
1223
2645
2441
3158
4364
3621
4614
435
4171
4098
3459
4938
4131
4016
3529
4735
3349
617
1167
4868
1620
3174
1219
3708
1434
4145
2851
1533
1595
2561
2553
1179
3687
4929
3849
375
4484
3344
4021
2164
213
2518
3809
1972
2039
2397
4953
3935
4217
1677
962
324
2014
2601
3219
506
4774
580
1290
993
855
3942
1613
3889
3237
4049
4347
16
4348
4321
1998
1933
2918
4151
2896
955
2043
1836
877
1797
3674
498
748
1379
807
119
1016
2434
2244
3060
4112
4186
1817
2430
31
644
2274
705
3907
3485
3503
1252
4498
4005
137
4979
1193
2257
1979
3419
2747
1047
2145
4200
178
1646
677
249
4634
240
4130
2613
3656
3600
793
1229
1182
3360
4699
418
3454
2313
3227
4070
3972
1390
4495
2412
4605
3189
3311
4943
2811
1442
3613
1025
652
2480
230
2688
2996
1675
3651
521
3396
1798
3234
2069
3453
2146
1954
3367
2843
3732
3853
3395
4309
45
3106
4025
4812
863
1544
2213
3934
3499
2670
1995
1401
3725
188
581
4386
1614
3721
1106
1692
1787
2013
2873
4567
4971
1211
4956
973
3326
2469
3399
4982
1703
687
1519
1287
2363
370
774
4832
3159
2044
533
985
3976
2619
2536
1709
1515
4008
1542
4697
247
2606
3819
4413
4153
3086
2537
2032
558
2677
4924
4185
2587
4687
1101
5000
30
2421
2659
890
1826
2757
2263
2324
3314
1391
1498
3710
3300
322
2936
2520
596
4426
2758
1081
80
3081
2010
1565
1141
4960
2409
2796
2911
3188
2328
1102
618
1202
4533
2185
1549
1991
2512
3049
2929
943
3933
3196
4975
543
1891
3835
3491
544
3932
673
4234
4804
3497
3875
1022
4842
1084
4335
3669
4494
783
169
1878
465
2521
4137
4786
4407
3080
194
879
359
2502
518
4510
2254
306
3380
1447
512
287
440
88
3881
4050
2607
4385
3737
3152
3584
2176
3682
3186
2844
1593
4597
1763
4595
4831
2558
1033
3998
4585
1635
4476
1198
4627
195
3397
2329
4726
967
549
4178
1863
3148
4936
400
575
4546
2139
1385
2495
4675
4799
56
4746
2967
701
4292
1684
4741
825
250
940
3640
4769
4609
4708
4320
1066
3083
2310
3979
4642
3931
547
4949
4582
2305
1573
3988
2735
1135
3118
3414
4789
4968
2286
2187
2320
3466
771
2148
2294
1343
2229
1077
691
981
2977
4249
4167
2956
3287
4331
437
467
1215
1090
4754
385
4134
3434
3673
2600
766
4239
527
2317
239
1475
1827
3833
2555
4478
2084
1773
3642
4509
4973
1028
3293
3735
1855
4736
32
2955
2484
4273
3476
2332
3180
2802
4997
4208
1479
3131
316
2201
1504
1974
4554
1344
140
3077
2447
297
2942
747
26
2731
1010
957
3352
1181
2080
4066
3570
3514
4142
516
118
3940
3630
1201
998
82
4096
4617
2812
3054
3590
392
23
4344
2599
4038
500
4427
2071
1095
695
1143
1071
4905
1807
143
3480
1358
315
1317
3288
144
2889
3442
1957
768
4410
557
4904
3739
2064
703
1075
3549
1349
3048
683
2250
2110
4566
4780
2671
3417
2629
2720
1538
2053
2472
4056
1557
1157
2999
163
1579
643
3320
4711
4858
489
633
1758
4201
1882
2694
3969
3119
3104
1925
3126
1754
125
4624
4238
394
1640
2510
4670
2338
3122
4550
3125
662
1207
1453
2570
3182
1575
263
697
2647
2402
268
1400
1213
851
2033
77
821
3089
3712
4035
1521
4441
4539
2809
1354
4891
1830
1626
4110
3317
4174
829
3554
624
934
627
3817
7
3001
922
1098
1345
3923
4372
3839
966
2813
4922
407
2780
4827
161
19
2947
295
3717
2573
3841
3911
2325
3824
4105
2641
1156
4849
1138
1220
197
4564
872
895
4330
1212
3045
2370
3280
488
358
4302
4644
777
3243
1928
1208
2687
1063
933
2488
3481
4412
4205
369
1464
2383
1369
1409
1328
2586
344
1012
4718
4356
3046
3964
244
1487
2683
3977
1160
2922
3565
3936
1382
572
2296
2919
4700
3513
816
422
741
4011
4053
4503
3364
1767
1749
1777
2801
1858
3027
4668
3305
3948
1023
2901
2450
990
3559
1880
3277
3711
1396
4202
1446
4136
3963
3116
1495
949
3332
1988
4044
1503
4203
4090
3507
2153
1321
1308
2142
2162
964
2818
4258
515
2091
2431
2318
3257
289
1841
4133
1631
3541
3316
2914
784
2984
2159
2828
1999
3675
3324
3365
2224
1788
152
4600
2789
1471
3149
49
1734
1630
3405
218
3544
4299
1429
2850
2354
956
3200
420
390
4654
28
1987
4867
1726
1912
1477
583
3484
4935
3327
1876
505
803
4128
2626
576
1183
427
3688
4637
4007
1117
2380
157
3887
2339
3192
3102
1664
4620
637
2878
443
2165
2184
2695
1537
3339
2030
3418
2874
3002
2803
4301
2212
1525
4762
538
738
2081
2182
2221
3722
267
4019
342
1665
4163
2793
3172
1465
811
3170
3061
1086
3517
115
3520
3937
3693
3950
167
2764
1170
3829
1857
1897
4374
732
2132
4165
1658
1092
3292
4147
3801
3683
217
51
2345
4389
3660
817
1892
2905
1405
328
2867
1104
892
1576
1420
2259
3331
432
1946
2696
566
3980
3009
4912
1607
2608
3066
473
2137
3671
4704
3505
608
1625
3138
603
2194
220
2429
4074
2563
3884
1147
671
2973
264
3241
2019
1121
2477
4308
4869
4866
4076
4420
1591
2054
930
3684
388
666
2658
2846
2300
355
2445
2652
1264
1959
3055
3488
3134
1079
1801
1048
1524
1657
842
491
1159
4896
4054
207
4213
3438
3786
1776
373
4805
4679
299
3091
2228
2465
2226
4522
1032
1996
3733
4930
3993
1402
681
384
1146
2466
261
1384
1275
87
2703
2859
857
3372
4015
2090
1975
1953
1859
2342
2416
1842
1461
3580
4766
1952
1856
4012
2233
2990
3623
2136
3921
4734
4508
960
1444
4417
1457
70
623
2883
2191
1783
589
1810
1923
3538
1235
302
348
4513
947
1837
3815
3398
1462
994
4083
1011
303
3927
4860
2392
360
1470
625
4278
3216
554
343
1468
1188
3247
734
3637
1636
4226
4281
1562
3443
1517
3628
2180
1283
1069
1956
1140
3586
3231
4664
2161
3650
1968
831
497
1089
2591
2359
4006
1474
2701
1315
1516
1161
1796
138
2154
3854
1044
700
4776
1920
1205
4932
59
2699
2057
1762
4388
545
4847
698
3886
2076
2410
33
3726
561
2038
4161
2214
3254
2266
4638
4380
2578
466
1624
2907
3945
3770
653
4989
3087
4818
4925
2823
327
186
1449
231
4672
423
4791
1309
3090
564
2737
4118
4666
4883
4698
4580
4154
2982
2560
594
3865
2192
762
3968
4839
1902
2755
75
2515
1661
4245
4885
4045
4665
501
336
3745
909
1663
1155
4618
4371
1029
1550
1683
3026
402
2097
3050
2433
145
4082
1844
4981
1051
1386
950
3487
2539
1099
2657
4433
4029
3449
2524
1633
4629
3236
4288
2156
1292
1295
3736
4864
3070
1234
1786
2865
2483
791
199
1370
3097
159
3034
4310
772
686
4501
4882
757
37
1005
2157
941
2885
3519
1467
2642
4222
522
2749
1835
4934
4625
2795
992
4557
3345
760
867
3596
1582
449
4312
504
3430
1269
486
4941
4401
2773
2446
2574
4716
4722
1980
1329
126
4436
1323
4604
2232
1818
265
3394
2992
4505
1969
2202
1148
3792
4877
3023
3625
232
276
692
1705
3030
1372
2798
2501
1043
560
3882
4632
2020
4549
4241
187
1679
445
3702
3800
4911
3850
3821
2101
4173
3762
2026
81
99
2528
3468
3962
237
2584
2452
377
111
931
391
4474
3261
253
1493
4571
3047
4093
3358
3758
1387
628
4908
294
4719
1279
2264
1711
2330
573
4020
3885
457
1689
1320
2265
4434
3521
808
1177
3984
2952
1881
2562
2475
4341
4361
600
2405
273
2839
4041
2326
3203
616
1093
2902
3700
1710
796
1232
1240
1645
3518
4843
2239
41
503
903
1903
4685
3335
3616
4517
1597
2923
4990
3747
626
2304
2034
3581
4770
925
3052
3422
4100
4761
1296
4363
2897
4807
2940
4182
1978
1733
4969
1319
146
3929
1874
62
1226
4087
2946
1811
2733
4978
1394
117
3695
4565
3709
3127
4853
556
3290
1243
4422
2712
4207
2598
2583
66
1965
2432
4987
646
3143
2172
4992
4861
1139
1795
3892
1383
3117
3791
4450
165
222
2468
4061
2102
3325
2276
39
3012
1268
4304
1355
582
2275
979
2571
3145
4232
4590
3137
716
3400
1746
730
3502
1997
3239
982
3386
310
570
873
1707
2656
1567
4972
4280
151
330
2170
2427
4712
4116
166
2725
859
779
3552
1555
4946
4343
4480
133
446
4824
4375
4820
2707
3729
4875
2866
1142
599
4218
4502
1654
3703
4103
1451
2529
3759
4651
113
4224
3190
3176
639
1559
4265
3925
3330
2470
3617
2231
4143
1490
2989
2831
3185
2458
1756
3479
2341
450
147
1247
2092
379
4602
3404
1480
4525
4695
460
1803
3714
238
809
3765
1670
1983
409
2065
3144
1336
164
3051
2143
1898
2771
131
4862
1459
2453
2379
4873
259
843
3146
1905
991
1257
1610
3784
1054
1845
2474
2493
1910
2420
4828
4693
311
3978
1040
378
2948
1766
2063
3582
3877
770
1199
622
1914
3861
2709
2556
4647
4432
2385
685
1790
4959
3872
2666
4547
728
3694
36
177
3011
3659
4381
447
4393
72
103
4998
3547
1764
696
1068
1981
2367
1833
275
1690
1530
2988
1435
2676
1105
3614
3974
2444
2299
226
2546
3967
3093
1224
4215
4117
720
2006
3522
319
4175
4170
2348
4081
3653
4253
592
3958
860
206
2314
1585
4120
2012
127
1204
4099
4034
2230
141
4500
1322
408
3429
939
2830
3975
2845
3904
2247
1753
1651
20
477
3389
1622
2128
155
4317
2005
1110
1545
181
1922
2195
2382
2514
987
4996
1971
3511
1682
2710
539
2722
3583
1488
2650
277
3374
2302
1781
3971
4067
4876
4680
2595
4646
1883
2944
3291
2876
1083
4097
2540
1052
1172
3498
4115
1812
1693
3652
2249
3868
3794
2287
1478
1046
2569
3032
3741
1572
3883
830
3232
204
2384
2155
2362
3168
2930
929
4983
660
4917
3996
959
160
1230
4759
3836
1371
2112
372
1311
4793
4623
4125
3230
1527
1917
2393
4649
417
2863
1634
4656
769
4104
3564
2284
395
3467
483
4463
908
3039
3211
555
1034
3612
2783
1303
1357
1460
915
2061
134
814
1770
2895
4286
300
1359
307
4002
2490
58
3493
1065
3866
3450
4945
3879
2127
2604
2166
468
1552
2792
2522
2945
1669
2357
2056
3843
2307
262
2073
4671
2849
2225
120
2085
341
1750
3155
871
2024
4834
3406
3916
815
3298
3987
945
3844
1327
2662
3852
3482
4966
3319
4159
835
4084
2426
3906
3018
4065
3387
4658
2884
3649
3701
4260
3496
2513
2950
4720
2910
3441
1246
2821
3205
4157
822
4919
1581
227
1802
65
727
3577
1210
1606
2847
4052
1847
2245
2854
610
4622
4259
3828
4576
3609
381
3500
4183
254
4705
682
2698
130
1206
1225
1944
1373
4169
4227
528
4783
4138
4809
3362
4132
3999
4225
3337
2892
4451
1628
2506
4352
374
3229
4756
2217
270
2853
4155
3919
4080
1808
4179
4965
2575
4421
1736
3696
1621
2059
179
837
2963
1531
735
3914
1574
3743
1678
3831
4857
1097
4287
1741
2211
1744
848
2603
4206
2826
3302
3255
4376
3427
782
3056
451
2138
2740
2479
1834
3713
1222
4428
4270
4453
995
4728
1301
676
3074
1927
2623
923
3120
4141
4392
4220
3004
2533
4659
4787
4180
4332
2582
3870
3198
2713
3016
2781
914
1397
4102
2886
1326
3195
2103
3893
1934
1893
1976
1623
4963
2438
4190
1050
1363
4387
3822
4192
2975
3763
4244
2306
4059
4800
1111
2618
2478
203
826
1563
1547
3731
604
694
1973
976
4613
2938
439
1774
4023
2894
1154
3222
317
4710
641
4438
2140
3457
1520
4872
4863
2135
3069
1087
4914
1513
1017
675
752
602
4489
4835
4078
4243
1134
785
926
4216
2620
2411
2751
1828
4262
3607
2075
2319
2372
2926
1203
196
2681
4121
4738
3594
788
2094
2439
3295
4069
901
1924
4397
3504
1861
2770
3245
1650
3435
4345
434
4653
3949
4543
4459
2565
710
4140
4229
4559
510
3165
767
823
2761
4496
1340
4899
3855
2022
3790
1939
4962
4854
2262
3905
3871
3413
853
4777
4648
2327
2852
2775
357
4583
2269
4123
1696
3873
4535
3664
3013
3423
1258
2635
3409
4887
2109
3632
4819
797
3566
3136
2442
4419
2644
1335
4691
3281
786
1611
3361
4572
1723
349
1578
4191
258
4816
4284
4999
4468
3776
2621
3272
4826
4984
889
3878
844
790
2848
3428
3572
2418
1666
3910
223
1126
913
3678
4730
1456
121
3912
866
4947
936
1144
3003
1832
1937
3847
1534
89
3371
1378
3986
389
183
1178
868
3259
2261
34
3249
3420
4933
4148
532
4001
2049
4129
3357
3354
4594
2055
2768
1913
2021
1765
2489
397
1339
2961
1608
2096
4071
597
2991
3313
2519
3248
2870
3730
114
1255
2360
2903
1840
1273
83
668
2119
2585
3604
2509
3953
2692
3773
2962
996
2312
3260
3803
1772
3129
1769
3274
1862
3410
4212
3573
2617
4365
3436
214
754
2939
24
1080
2205
1112
841
4850
1505
100
4901
4690
3112
1277
1443
1656
1717
2871
112
1518
1341
3661
4967
2983
2856
678
4545
4264
2674
2067
4360
953
551
1015
4409
4492
4283
2169
1175
4526
819
4616
3575
4337
4619
4717
1884
136
3425
3501
744
4416
1237
920
2369
1986
3315
3679
2175
667
185
937
84
4359
1185
810
3474
1194
1851
780
3071
1932
221
4599
706
2908
1638
4351
3160
1171
4980
3094
153
2549
4168
4046
1821
1627
507
4991
2200
658
4592
3393
13
1569
856
3981
1122
3655
2417
2395
192
1566
1214
233
4610
989
921
4558
3238
3299
884
1263
2820
201
2289
3286
180
105
308
4703
3312
1698
4940
4274
1589
3685
4825
3296
2994
3748
4211
4785
1026
3178
2174
2335
2898
3926
514
3213
3588
2547
44
2337
21
1647
3072
1909
523
3668
849
4957
2425
2986
508
1901
2639
326
3837
824
1759
2807
2272
2152
4544
1642
4219
1330
3153
4086
2046
1300
4568
4189
525
2611
3524
4681
2491
3924
1427
4378
2964
2711
3
4537
4744
4615
2366
4187
3826
257
2309
2492
607
546
269
645
4684
2612
4715
3495
2548
3095
927
3757
1393
3558
471
864
431
1921
590
2935
1190
4821
3756
2078
1377
874
4560
1325
1270
4676
2750
2819
896
1568
1091
3667
3782
2915
470
536
441
3994
4601
4652
1302
729
4942
4490
412
733
711
1127
4838
1007
1725
800
3599
3749
2485
4520
193
4775
3858
2377
1528
969
4111
3793
3445
3057
2888
1318
847
1526
1259
198
3639
2008
1342
4395
806
2455
3509
1297
4771
3767
245
3022
93
963
3633
444
4447
154
3194
2321
1867
73
3578
2108
3432
2526
3781
3859
854
2408
3390
2673
2111
1096
29
3246
2149
4840
535
4106
2151
1860
4631
2208
2058
4764
132
1304
448
1600
529
1895
3494
2407
4329
2399
122
4636
2123
2530
242
3644
3108
1718
2906
4519
745
4247
1571
2550
4986
3240
3426
4794
1291
606
1164
286
778
2378
1497
3486
2077
2144
3347
415
4294
1605
1728
4870
354
1667
1085
882
4534
2700
2246
1806
4004
